9994 9993 9991 9988 9985 9984 9984 9982 9982 9981 9980 9975 9971 9968 9965 9964 9964 9963 9954 9953
9952 9941 9941 9941 9936 9930 9925 9924 9914 9911 9909 9909 9908 9892 9892 9887 9882 9878 9874 9870
9870 9867 9862 9854 9849 9849 9848 9845 9842 9841 9836 9834 9827 9817 9814 9812 9805 9804 9794 9792
9787 9786 9782 9774 9774 9773 9773 9769 9768 9768 9766 9765 9763 9760 9749 9748 9741 9740 9740 9732
9726 9720 9719 9717 9708 9701 9700 9697 9695 9689 9683 9676 9673 9673 9664 9660 9651 9650 9649 9639
9638 9638 9637 9631 9619 9619 9618 9615 9607 9606 9590 9590 9589 9588 9586 9582 9581 9579 9572 9562
9549 9537 9537 9525 9521 9519 9516 9516 9511 9510 9509 9507 9502 9501 9500 9489 9487 9483 9481 9481
9481 9473 9471 9471 9470 9469 9467 9460 9453 9451 9450 9442 9439 9431 9430 9428 9425 9417 9410 9404
9404 9403 9402 9398 9386 9385 9385 9383 9378 9378 9376 9374 9373 9369 9368 9368 9367 9365 9356 9354
9337 9334 9331 9322 9318 9317 9312 9307 9306 9303 9301 9299 9298 9281 9279 9275 9273 9267 9265 9256
9255 9255 9250 9247 9245 9243 9235 9235 9220 9220 9202 9197 9197 9179 9172 9167 9165 9161 9156 9151
9149 9139 9135 9135 9127 9122 9113 9113 9109 9097 9095 9095 9094 9093 9087 9083 9082 9080 9077 9076
9069 9067 9066 9058 9057 9049 9049 9039 9037 9028 9023 9020 9020 9011 8998 8998 8995 8994 8985 8982
8982 8975 8964 8963 8961 8961 8961 8961 8960 8958 8956 8954 8951 8951 8949 8945 8941 8939 8934 8932
8931 8927 8919 8906 8906 8905 8903 8903 8900 8890 8888 8886 8878 8876 8876 8876 8876 8873 8871 8865
8863 8861 8861 8861 8856 8850 8846 8842 8836 8829 8825 8823 8811 8811 8810 8809 8808 8805 8804 8802
8802 8797 8794 8793 8789 8780 8775 8774 8774 8774 8771 8770 8766 8754 8751 8751 8731 8728 8724 8714
8713 8711 8709 8706 8702 8698 8698 8697 8697 8695 8681 8675 8670 8665 8658 8655 8655 8654 8647 8642
8636 8619 8617 8615 8615 8610 8606 8600 8593 8590 8589 8587 8587 8577 8572 8570 8562 8560 8556 8552
8545 8544 8540 8537 8530 8527 8519 8517 8517 8503 8500 8498 8489 8468 8462 8459 8443 8442 8434 8421
8420 8405 8405 8404 8402 8402 8401 8395 8389 8386 8383 8379 8376 8375 8367 8353 8353 8351 8340 8338
8336 8336 8335 8332 8328 8324 8322 8319 8310 8305 8304 8304 8303 8292 8288 8276 8271 8268 8263 8261
8228 8226 8221 8219 8213 8202 8195 8180 8175 8174 8171 8167 8159 8158 8155 8154 8153 8152 8152 8144
8142 8140 8137 8136 8134 8133 8129 8117 8111 8107 8102 8097 8090 8088 8081 8081 8079 8071 8070 8070
8069 8055 8052 8044 8042 8036 8034 8033 8018 8014 8013 8012 8008 8008 8006 7997 7992 7992 7991 7986
7984 7979 7978 7973 7968 7967 7965 7965 7959 7957 7957 7955 7948 7943 7943 7938 7937 7931 7921 7913
7908 7902 7900 7900 7895 7892 7892 7887 7881 7875 7866 7865 7860 7859 7857 7856 7846 7836 7832 7820
7820 7818 7817 7813 7808 7805 7801 7800 7793 7791 7791 7789 7788 7787 7782 7779 7778 7777 7777 7777
7766 7763 7763 7761 7754 7747 7743 7741 7740 7740 7739 7731 7731 7731 7727 7726 7716 7714 7714 7712
7707 7704 7704 7703 7700 7699 7696 7691 7680 7670 7670 7669 7667 7659 7659 7650 7641 7634 7628 7625
7617 7615 7614 7611 7607 7604 7604 7599 7598 7589 7588 7574 7573 7571 7568 7559 7556 7542 7539 7537
7529 7528 7520 7516 7512 7512 7506 7499 7497 7488 7487 7469 7462 7460 7454 7447 7442 7441 7441 7440
7440 7437 7404 7398 7395 7388 7382 7381 7379 7375 7372 7372 7371 7340 7336 7336 7336 7334 7323 7318
7317 7311 7311 7302 7300 7299 7298 7297 7295 7295 7293 7292 7291 7286 7283 7278 7274 7272 7267 7258
7256 7254 7250 7249 7233 7233 7229 7222 7221 7220 7219 7218 7216 7198 7196 7194 7194 7190 7183 7183
7170 7161 7156 7155 7153 7152 7148 7144 7143 7143 7140 7138 7135 7128 7127 7124 7119 7114 7114 7101
7095 7089 7089 7089 7077 7073 7073 7070 7063 7056 7054 7051 7043 7041 7036 7035 7033 7022 7020 7017
7010 7007 7006 7006 7005 7002 6993 6993 6991 6990 6989 6987 6987 6984 6977 6974 6962 6955 6942 6931
6924 6922 6917 6908 6903 6902 6897 6897 6891 6891 6890 6889 6889 6880 6875 6872 6870 6862 6857 6857
6847 6835 6834 6828 6819 6815 6814 6811 6811 6808 6806 6806 6795 6793 6791 6782 6781 6774 6769 6767
6760 6754 6748 6747 6746 6744 6739 6738 6737 6730 6727 6724 6718 6712 6712 6712 6712 6708 6705 6705
6702 6692 6692 6692 6667 6661 6654 6652 6647 6642 6642 6640 6634 6621 6603 6603 6588 6587 6580 6575
6571 6568 6567 6562 6561 6557 6547 6544 6541 6538 6536 6528 6517 6511 6509 6506 6499 6497 6496 6494
6492 6492 6492 6491 6489 6484 6480 6478 6464 6464 6460 6455 6455 6450 6440 6440 6432 6429 6421 6420
6413 6409 6407 6406 6406 6404 6394 6391 6382 6382 6372 6369 6367 6366 6365 6364 6360 6358 6358 6355
6354 6351 6351 6348 6335 6333 6324 6322 6319 6319 6313 6303 6302 6300 6296 6292 6290 6287 6285 6283
6279 6275 6261 6257 6256 6255 6249 6241 6240 6237 6230 6226 6225 6219 6205 6205 6198 6197 6187 6185
6181 6175 6169 6169 6163 6157 6155 6153 6151 6149 6147 6146 6145 6145 6144 6143 6134 6123 6116 6115
6114 6113 6113 6111 6107 6093 6080 6079 6078 6072 6072 6064 6062 6052 6051 6051 6046 6042 6032 6031
6024 6024 6022 6018 6018 6014 6013 6009 6006 5988 5987 5984 5970 5970 5951 5946 5943 5942 5941 5941
5936 5935 5931 5927 5918 5912 5910 5906 5903 5898 5893 5886 5881 5876 5863 5858 5857 5856 5855 5850
5836 5829 5828 5828 5826 5822 5814 5812 5808 5804 5795 5794 5792 5788 5786 5786 5782 5781 5780 5779
5779 5779 5777 5777 5763 5760 5751 5746 5742 5741 5740 5740 5732 5730 5727 5723 5706 5704 5701 5698
5694 5691 5687 5686 5681 5679 5671 5670 5659 5655 5654 5652 5644 5640 5640 5639 5639 5639 5636 5634
5628 5627 5624 5623 5623 5619 5618 5615 5610 5598 5598 5597 5594 5592 5591 5582 5580 5574 5567 5567
5563 5562 5549 5542 5540 5539 5537 5525 5518 5515 5515 5514 5513 5505 5501 5477 5471 5470 5470 5468
5464 5462 5462 5456 5452 5451 5436 5434 5433 5431 5426 5425 5425 5425 5424 5421 5414 5410 5410 5401
5401 5396 5392 5388 5384 5384 5382 5370 5367 5365 5364 5363 5363 5358 5343 5340 5335 5333 5333 5331
5324 5323 5318 5312 5311 5296 5286 5283 5269 5267 5265 5255 5254 5249 5240 5220 5216 5216 5214 5213
5203 5198 5197 5192 5191 5186 5185 5179 5172 5170 5169 5165 5158 5145 5144 5143 5142 5132 5132 5124
5122 5121 5119 5108 5101 5090 5090 5090 5077 5072 5072 5067 5063 5061 5052 5052 5037 5037 5032 5021
5021 5020 5017 5012 5011 5010 5009 5008 5002 4998 4989 4988 4984 4983 4981 4978 4977 4968 4966 4958
4949 4948 4938 4938 4937 4934 4928 4927 4926 4920 4917 4916 4914 4911 4910 4899 4895 4874 4870 4866
4864 4856 4851 4848 4847 4846 4843 4840 4839 4836 4835 4833 4830 4824 4820 4813 4809 4809 4805 4795
4781 4780 4773 4770 4770 4760 4759 4758 4745 4744 4739 4737 4735 4732 4719 4718 4718 4716 4714 4709
4700 4700 4689 4689 4688 4687 4676 4676 4671 4667 4662 4653 4653 4650 4645 4641 4641 4638 4635 4634
4632 4622 4620 4618 4616 4612 4609 4608 4606 4604 4599 4585 4584 4583 4582 4581 4573 4569 4569 4567
4558 4557 4556 4549 4541 4538 4536 4535 4527 4523 4509 4509 4508 4507 4507 4496 4496 4488 4474 4473
4473 4472 4463 4462 4459 4452 4445 4432 4430 4425 4424 4416 4415 4413 4410 4403 4393 4392 4392 4391
4389 4388 4379 4373 4373 4372 4370 4367 4360 4356 4354 4353 4352 4350 4350 4344 4343 4330 4325 4317
4313 4306 4302 4302 4300 4299 4295 4288 4288 4285 4274 4274 4274 4256 4251 4239 4228 4222 4219 4214
4213 4203 4203 4199 4198 4196 4195 4193 4192 4190 4187 4187 4186 4183 4178 4173 4171 4167 4164 4163
4163 4162 4160 4156 4156 4154 4152 4149 4148 4142 4141 4141 4134 4121 4118 4117 4117 4117 4111 4109
4109 4108 4108 4107 4105 4103 4101 4093 4088 4086 4086 4068 4066 4061 4060 4058 4056 4037 4035 4033
4032 4019 4005 4002 3993 3993 3992 3989 3978 3978 3977 3974 3974 3974 3968 3958 3949 3947 3947 3943
3936 3934 3933 3930 3925 3923 3922 3920 3916 3911 3895 3893 3887 3886 3884 3881 3879 3869 3861 3860
3855 3852 3841 3840 3840 3839 3837 3836 3831 3824 3813 3807 3803 3799 3798 3792 3790 3781 3779 3775
3775 3773 3773 3767 3765 3758 3753 3753 3752 3747 3746 3745 3743 3737 3729 3721 3721 3718 3714 3702
3701 3698 3695 3692 3686 3685 3681 3681 3680 3672 3670 3668 3665 3658 3649 3647 3646 3641 3637 3636
3635 3631 3626 3623 3622 3621 3620 3616 3615 3612 3611 3608 3605 3596 3596 3592 3592 3572 3568 3562
3561 3558 3557 3554 3546 3546 3543 3542 3537 3537 3536 3535 3526 3525 3521 3519 3512 3509 3508 3507
3503 3500 3490 3488 3487 3484 3481 3479 3477 3468 3466 3462 3462 3461 3452 3445 3444 3440 3431 3430
3430 3426 3423 3422 3422 3415 3412 3404 3403 3403 3399 3395 3393 3391 3385 3382 3376 3373 3373 3364
3363 3362 3359 3353 3346 3341 3340 3337 3325 3322 3318 3317 3313 3309 3308 3306 3306 3306 3305 3301
3299 3298 3293 3286 3280 3263 3261 3248 3239 3232 3231 3226 3217 3215 3212 3201 3199 3196 3194 3191
3188 3188 3188 3187 3186 3183 3180 3170 3168 3153 3153 3150 3150 3150 3150 3147 3143 3139 3137 3135
3132 3131 3127 3126 3125 3118 3114 3103 3098 3095 3094 3091 3091 3088 3087 3078 3077 3076 3067 3066
3064 3062 3055 3053 3051 3041 3035 3032 3032 3027 3020 3018 3012 3010 3009 3004 3002 2997 2995 2989
2988 2987 2986 2976 2972 2969 2966 2954 2951 2950 2948 2945 2937 2935 2934 2933 2933 2932 2927 2923
2922 2922 2912 2911 2908 2906 2901 2900 2897 2893 2891 2890 2883 2883 2879 2878 2877 2876 2873 2870
2865 2864 2859 2855 2852 2851 2850 2847 2836 2835 2827 2823 2821 2815 2809 2801 2787 2786 2783 2782
2780 2774 2774 2759 2748 2746 2746 2738 2732 2730 2730 2726 2717 2712 2708 2701 2694 2683 2683 2680
2675 2669 2669 2666 2659 2657 2656 2645 2643 2642 2634 2632 2629 2627 2625 2623 2618 2617 2613 2612
2612 2611 2604 2601 2600 2597 2595 2593 2590 2584 2582 2580 2578 2576 2572 2560 2560 2541 2538 2532
2528 2527 2526 2525 2522 2521 2518 2515 2514 2512 2511 2504 2499 2499 2497 2492 2489 2482 2480 2478
2473 2471 2468 2466 2463 2456 2451 2446 2443 2427 2421 2421 2418 2417 2414 2414 2413 2412 2409 2408
2405 2401 2401 2400 2400 2399 2399 2397 2382 2371 2359 2352 2346 2337 2336 2332 2332 2326 2325 2319
2304 2287 2281 2277 2270 2269 2262 2246 2246 2244 2243 2240 2239 2234 2232 2231 2228 2223 2222 2221
2220 2215 2212 2211 2211 2196 2191 2179 2177 2174 2165 2163 2156 2154 2152 2144 2142 2130 2126 2121
2117 2110 2109 2109 2101 2098 2087 2087 2082 2082 2081 2079 2076 2065 2062 2059 2057 2054 2044 2041
2036 2020 2010 1998 1990 1988 1985 1981 1976 1968 1965 1964 1959 1953 1953 1946 1944 1943 1936 1936
1935 1923 1915 1911 1908 1904 1901 1897 1895 1888 1885 1859 1858 1857 1851 1850 1842 1842 1840 1828
1828 1827 1823 1823 1816 1816 1804 1802 1800 1797 1795 1793 1786 1779 1778 1765 1750 1742 1741 1739
1738 1737 1733 1729 1729 1728 1721 1719 1718 1711 1711 1705 1702 1701 1694 1692 1686 1685 1685 1682
1680 1679 1678 1676 1673 1668 1666 1665 1663 1661 1660 1656 1646 1645 1638 1637 1636 1632 1631 1625
1624 1604 1599 1599 1596 1596 1595 1592 1591 1588 1586 1584 1583 1582 1579 1572 1572 1571 1570 1567
1559 1551 1551 1547 1530 1519 1518 1514 1510 1510 1507 1507 1497 1495 1487 1481 1481 1476 1476 1470
1461 1455 1442 1440 1437 1436 1435 1434 1426 1419 1415 1411 1411 1401 1397 1394 1392 1391 1390 1387
1383 1383 1381 1377 1376 1372 1371 1370 1361 1361 1355 1354 1353 1345 1342 1337 1336 1335 1330 1329
1329 1316 1311 1303 1303 1303 1301 1288 1287 1283 1283 1279 1279 1263 1253 1250 1249 1242 1235 1227
1226 1225 1223 1220 1219 1216 1208 1207 1206 1206 1199 1198 1190 1189 1183 1178 1176 1176 1176 1175
1173 1170 1168 1163 1163 1159 1153 1152 1128 1125 1124 1114 1107 1103 1100 1099 1097 1096 1092 1091
1086 1077 1073 1068 1067 1065 1063 1058 1057 1057 1046 1046 1046 1041 1039 1033 1030 1027 1026 1023
1020 1019 1011 1009 1008 1004 1004 1003 1002 998 995 994 992 989 976 976 966 965 960 959
951 938 936 935 934 932 929 926 923 914 911 908 907 906 905 901 900 897 894 893
879 873 868 868 864 850 846 843 840 839 838 837 829 828 814 812 809 808 808 801
797 796 791 787 787 787 787 786 785 784 770 762 757 750 750 742 728 723 723 720
714 711 705 704 693 686 682 668 659 649 642 642 637 631 622 615 606 601 599 597
592 573 572 569 567 567 561 558 556 546 543 542 542 539 538 536 522 512 510 510
509 507 507 507 505 502 501 487 481 478 477 477 476 471 470 450 450 447 440 438
431 427 417 415 408 407 404 385 383 378 377 376 375 374 371 368 364 359 358 357
349 344 335 333 333 330 327 325 324 323 322 320 317 317 311 307 302 299 295 291
282 281 269 266 264 263 259 258 257 256 239 237 233 225 224 214 212 211 209 204
195 190 190 190 190 185 183 179 175 162 158 149 147 146 143 140 131 128 95 94
89 89 86 83 81 80 76 76 68 66 65 60 58 54 52 51 50 41 38 36
32 32 22 20 13 12 11 8 4 1 -4 -14 -17 -17 -26 -28 -29 -33 -35 -49
-53 -54 -57 -57 -57 -65 -67 -75 -76 -78 -80 -82 -95 -98 -100 -110 -114 -117 -117 -119
-120 -128 -129 -131 -134 -141 -142 -147 -154 -159 -159 -161 -176 -184 -185 -191 -193 -194 -204 -208
-211 -214 -217 -222 -222 -222 -230 -239 -245 -246 -246 -247 -261 -266 -270 -277 -285 -293 -295 -296
-300 -305 -307 -308 -308 -319 -319 -326 -330 -331 -334 -335 -338 -339 -342 -342 -346 -353 -370 -370
-373 -377 -384 -388 -394 -398 -400 -402 -409 -416 -416 -420 -425 -429 -434 -436 -436 -436 -437 -444
-444 -445 -457 -465 -482 -486 -493 -495 -496 -509 -509 -511 -513 -521 -531 -532 -536 -538 -548 -556
-559 -559 -564 -568 -572 -574 -582 -591 -593 -602 -612 -613 -625 -632 -634 -636 -638 -639 -640 -640
-643 -643 -643 -651 -657 -660 -665 -666 -666 -667 -674 -675 -677 -685 -688 -690 -691 -692 -711 -714
-714 -720 -733 -737 -744 -746 -750 -752 -753 -763 -764 -764 -765 -774 -775 -776 -777 -777 -778 -782
-795 -797 -804 -805 -807 -808 -808 -815 -821 -823 -823 -830 -842 -843 -853 -854 -861 -874 -875 -881
-884 -888 -889 -892 -894 -897 -898 -900 -907 -910 -914 -917 -923 -923 -928 -930 -935 -939 -939 -956
-966 -967 -971 -974 -980 -994 -996 -996 -996 -998 -998 -999 -1003 -1004 -1004 -1009 -1011 -1020 -1028 -1035
-1050 -1054 -1074 -1074 -1075 -1078 -1083 -1083 -1090 -1093 -1097 -1102 -1109 -1113 -1126 -1127 -1128 -1132 -1141 -1144
-1144 -1146 -1150 -1152 -1172 -1172 -1174 -1177 -1177 -1179 -1193 -1196 -1200 -1211 -1215 -1219 -1222 -1224 -1225 -1229
-1229 -1232 -1235 -1243 -1244 -1253 -1257 -1257 -1258 -1261 -1281 -1282 -1286 -1288 -1291 -1297 -1300 -1301 -1302 -1305
-1308 -1311 -1312 -1315 -1318 -1330 -1336 -1337 -1338 -1340 -1343 -1351 -1351 -1354 -1356 -1367 -1367 -1372 -1376 -1381
-1382 -1385 -1386 -1389 -1392 -1404 -1405 -1409 -1409 -1420 -1423 -1440 -1443 -1446 -1452 -1452 -1459 -1478 -1480 -1480
-1481 -1481 -1491 -1494 -1496 -1511 -1512 -1514 -1515 -1516 -1519 -1521 -1523 -1524 -1526 -1527 -1529 -1541 -1542 -1543
-1546 -1553 -1556 -1566 -1570 -1577 -1581 -1584 -1584 -1586 -1593 -1596 -1597 -1598 -1599 -1603 -1606 -1607 -1623 -1628
-1631 -1635 -1635 -1635 -1643 -1649 -1656 -1659 -1663 -1663 -1664 -1665 -1671 -1685 -1691 -1693 -1695 -1699 -1700 -1701
-1703 -1711 -1711 -1719 -1723 -1736 -1741 -1744 -1749 -1753 -1762 -1771 -1777 -1780 -1781 -1786 -1789 -1790 -1795 -1797
-1805 -1805 -1810 -1814 -1831 -1833 -1838 -1838 -1839 -1841 -1844 -1848 -1854 -1862 -1863 -1869 -1871 -1876 -1878 -1880
-1885 -1886 -1886 -1886 -1892 -1896 -1904 -1911 -1914 -1917 -1919 -1924 -1925 -1928 -1931 -1943 -1945 -1946 -1951 -1965
-1975 -1978 -1986 -1987 -1990 -1994 -1995 -1996 -2001 -2002 -2003 -2003 -2003 -2004 -2004 -2006 -2011 -2014 -2023 -2026
-2040 -2052 -2055 -2055 -2057 -2077 -2078 -2082 -2086 -2098 -2101 -2105 -2109 -2110 -2113 -2115 -2115 -2145 -2146 -2164
-2165 -2169 -2171 -2172 -2181 -2190 -2195 -2197 -2197 -2200 -2204 -2204 -2207 -2208 -2223 -2229 -2238 -2239 -2239 -2244
-2244 -2246 -2247 -2250 -2259 -2260 -2263 -2264 -2265 -2267 -2269 -2270 -2272 -2274 -2285 -2285 -2287 -2296 -2296 -2298
-2307 -2307 -2313 -2316 -2323 -2325 -2335 -2345 -2348 -2351 -2352 -2355 -2355 -2363 -2364 -2366 -2368 -2373 -2380 -2393
-2404 -2406 -2407 -2413 -2417 -2423 -2430 -2434 -2436 -2437 -2439 -2440 -2441 -2448 -2455 -2462 -2465 -2468 -2469 -2470
-2471 -2472 -2476 -2477 -2479 -2481 -2488 -2493 -2495 -2497 -2508 -2509 -2511 -2511 -2512 -2513 -2513 -2519 -2519 -2526
-2528 -2531 -2536 -2536 -2537 -2539 -2540 -2540 -2549 -2549 -2551 -2555 -2564 -2568 -2569 -2570 -2576 -2576 -2580 -2580
-2587 -2590 -2590 -2591 -2592 -2594 -2602 -2607 -2608 -2612 -2612 -2621 -2622 -2626 -2629 -2634 -2634 -2635 -2641 -2641
-2647 -2649 -2654 -2656 -2656 -2656 -2658 -2659 -2660 -2661 -2664 -2665 -2668 -2670 -2673 -2686 -2689 -2689 -2691 -2692
-2693 -2697 -2699 -2700 -2706 -2710 -2710 -2714 -2731 -2736 -2738 -2741 -2745 -2746 -2747 -2751 -2753 -2757 -2758 -2770
-2776 -2780 -2789 -2793 -2807 -2815 -2828 -2834 -2841 -2842 -2846 -2856 -2860 -2864 -2866 -2866 -2867 -2873 -2883 -2885
-2885 -2887 -2889 -2898 -2907 -2911 -2913 -2916 -2919 -2931 -2934 -2940 -2941 -2947 -2952 -2957 -2961 -2963 -2965 -2967
-2975 -2975 -2985 -3001 -3007 -3012 -3013 -3016 -3017 -3021 -3026 -3035 -3043 -3053 -3058 -3060 -3061 -3061 -3061 -3063
-3073 -3083 -3083 -3087 -3089 -3091 -3094 -3099 -3100 -3116 -3127 -3129 -3137 -3148 -3149 -3154 -3173 -3175 -3178 -3181
-3182 -3182 -3193 -3193 -3197 -3198 -3206 -3206 -3207 -3215 -3218 -3220 -3220 -3232 -3235 -3240 -3245 -3248 -3253 -3254
-3257 -3264 -3267 -3268 -3270 -3270 -3285 -3286 -3289 -3292 -3295 -3299 -3302 -3304 -3307 -3311 -3311 -3318 -3321 -3323
-3323 -3324 -3327 -3330 -3333 -3333 -3336 -3337 -3337 -3342 -3353 -3353 -3357 -3358 -3370 -3372 -3374 -3379 -3379 -3382
-3383 -3384 -3404 -3415 -3433 -3439 -3441 -3443 -3447 -3449 -3449 -3451 -3451 -3451 -3452 -3452 -3456 -3471 -3482 -3484
-3488 -3490 -3495 -3507 -3513 -3518 -3520 -3522 -3528 -3531 -3536 -3537 -3538 -3541 -3545 -3545 -3547 -3552 -3554 -3559
-3563 -3569 -3569 -3571 -3573 -3574 -3577 -3588 -3594 -3599 -3603 -3604 -3605 -3613 -3617 -3623 -3623 -3624 -3627 -3629
-3630 -3630 -3642 -3644 -3652 -3665 -3677 -3678 -3687 -3688 -3689 -3692 -3693 -3697 -3703 -3705 -3716 -3721 -3726 -3726
-3727 -3737 -3738 -3738 -3740 -3742 -3747 -3750 -3762 -3776 -3801 -3801 -3804 -3805 -3808 -3819 -3825 -3829 -3831 -3839
-3847 -3848 -3861 -3873 -3877 -3888 -3888 -3892 -3900 -3902 -3904 -3914 -3918 -3920 -3920 -3920 -3922 -3925 -3927 -3931
-3932 -3935 -3935 -3938 -3939 -3942 -3945 -3948 -3950 -3954 -3955 -3957 -3965 -3969 -3975 -3989 -3995 -4011 -4012 -4012
-4019 -4019 -4026 -4027 -4028 -4031 -4034 -4034 -4034 -4035 -4036 -4038 -4039 -4040 -4040 -4050 -4051 -4057 -4058 -4059
-4059 -4059 -4069 -4072 -4074 -4076 -4079 -4084 -4088 -4088 -4095 -4099 -4102 -4103 -4106 -4109 -4110 -4111 -4112 -4121
-4122 -4136 -4142 -4142 -4142 -4148 -4149 -4151 -4153 -4163 -4165 -4165 -4170 -4175 -4177 -4180 -4182 -4182 -4192 -4203
-4203 -4209 -4213 -4213 -4221 -4223 -4223 -4225 -4226 -4228 -4235 -4236 -4239 -4239 -4243 -4247 -4252 -4253 -4257 -4259
-4264 -4269 -4269 -4280 -4283 -4283 -4285 -4297 -4299 -4304 -4305 -4308 -4309 -4311 -4312 -4313 -4315 -4316 -4318 -4323
-4326 -4339 -4347 -4347 -4360 -4361 -4366 -4367 -4368 -4375 -4375 -4384 -4386 -4395 -4396 -4398 -4399 -4407 -4420 -4422
-4424 -4434 -4434 -4436 -4438 -4447 -4456 -4456 -4461 -4471 -4479 -4483 -4495 -4496 -4500 -4500 -4502 -4504 -4507 -4510
-4514 -4515 -4518 -4518 -4527 -4529 -4533 -4541 -4547 -4549 -4551 -4560 -4561 -4564 -4565 -4572 -4591 -4596 -4598 -4606
-4606 -4612 -4618 -4620 -4622 -4629 -4630 -4633 -4639 -4648 -4659 -4661 -4662 -4668 -4678 -4691 -4694 -4695 -4697 -4698
-4700 -4704 -4709 -4712 -4712 -4715 -4721 -4724 -4725 -4725 -4728 -4730 -4731 -4731 -4742 -4743 -4753 -4754 -4761 -4761
-4763 -4764 -4770 -4771 -4772 -4773 -4790 -4793 -4794 -4796 -4796 -4802 -4804 -4805 -4807 -4810 -4815 -4818 -4820 -4821
-4822 -4822 -4833 -4842 -4842 -4844 -4846 -4850 -4853 -4855 -4859 -4861 -4863 -4867 -4875 -4877 -4878 -4879 -4881 -4885
-4887 -4893 -4900 -4903 -4931 -4934 -4936 -4938 -4941 -4949 -4951 -4954 -4958 -4959 -4961 -4962 -4962 -4963 -4965 -4969
-4970 -4972 -4976 -4981 -4981 -4983 -4983 -4991 -4991 -4992 -4998 -5022 -5023 -5027 -5028 -5040 -5042 -5044 -5046 -5055
-5057 -5057 -5059 -5060 -5064 -5069 -5073 -5078 -5079 -5083 -5087 -5092 -5094 -5096 -5101 -5103 -5109 -5117 -5125 -5131
-5135 -5139 -5143 -5148 -5154 -5156 -5158 -5161 -5162 -5162 -5163 -5167 -5168 -5173 -5174 -5178 -5182 -5183 -5191 -5194
-5195 -5204 -5213 -5218 -5219 -5224 -5224 -5225 -5225 -5235 -5236 -5239 -5243 -5251 -5251 -5254 -5258 -5258 -5261 -5275
-5279 -5280 -5280 -5291 -5292 -5294 -5294 -5295 -5297 -5298 -5300 -5301 -5302 -5302 -5306 -5314 -5320 -5324 -5342 -5345
-5345 -5355 -5356 -5361 -5362 -5368 -5370 -5381 -5385 -5386 -5392 -5394 -5397 -5397 -5398 -5405 -5406 -5413 -5413 -5417
-5418 -5420 -5422 -5424 -5425 -5433 -5436 -5438 -5439 -5442 -5446 -5447 -5450 -5451 -5453 -5455 -5463 -5464 -5467 -5475
-5478 -5482 -5482 -5486 -5488 -5499 -5502 -5502 -5503 -5504 -5505 -5510 -5510 -5513 -5516 -5521 -5525 -5526 -5527 -5528
-5538 -5556 -5560 -5561 -5564 -5564 -5568 -5572 -5590 -5591 -5591 -5593 -5593 -5595 -5601 -5604 -5615 -5620 -5622 -5623
-5627 -5630 -5637 -5637 -5638 -5640 -5640 -5640 -5644 -5650 -5653 -5657 -5659 -5661 -5666 -5668 -5672 -5673 -5677 -5682
-5682 -5685 -5690 -5698 -5703 -5706 -5707 -5714 -5715 -5718 -5719 -5727 -5728 -5755 -5759 -5763 -5766 -5768 -5769 -5777
-5777 -5789 -5797 -5800 -5803 -5808 -5808 -5822 -5823 -5832 -5833 -5833 -5835 -5835 -5848 -5855 -5855 -5858 -5861 -5863
-5864 -5864 -5865 -5868 -5869 -5873 -5876 -5877 -5880 -5883 -5884 -5898 -5904 -5909 -5910 -5913 -5917 -5918 -5918 -5931
-5933 -5933 -5933 -5933 -5937 -5938 -5940 -5942 -5946 -5947 -5953 -5954 -5966 -5966 -5972 -5975 -5977 -5981 -5982 -5985
-5990 -5996 -5996 -5996 -5996 -5999 -6000 -6001 -6002 -6005 -6005 -6006 -6011 -6013 -6015 -6016 -6031 -6033 -6034 -6036
-6036 -6038 -6043 -6047 -6057 -6057 -6059 -6063 -6067 -6072 -6073 -6074 -6074 -6082 -6088 -6089 -6094 -6106 -6108 -6112
-6114 -6116 -6117 -6120 -6136 -6137 -6143 -6146 -6147 -6154 -6156 -6170 -6173 -6177 -6177 -6179 -6188 -6192 -6198 -6199
-6205 -6206 -6214 -6215 -6216 -6218 -6223 -6224 -6235 -6254 -6265 -6267 -6270 -6271 -6272 -6273 -6273 -6276 -6287 -6288
-6288 -6295 -6295 -6304 -6305 -6308 -6308 -6310 -6311 -6312 -6312 -6314 -6323 -6323 -6327 -6330 -6336 -6346 -6347 -6352
-6353 -6356 -6365 -6369 -6374 -6375 -6377 -6377 -6386 -6389 -6391 -6393 -6394 -6400 -6403 -6403 -6403 -6425 -6426 -6432
-6434 -6436 -6437 -6445 -6447 -6449 -6456 -6457 -6461 -6461 -6465 -6465 -6468 -6469 -6470 -6471 -6475 -6476 -6479 -6485
-6486 -6490 -6494 -6495 -6495 -6504 -6515 -6515 -6522 -6526 -6527 -6529 -6529 -6533 -6536 -6536 -6539 -6542 -6548 -6553
-6556 -6556 -6558 -6559 -6562 -6566 -6574 -6576 -6578 -6578 -6586 -6595 -6600 -6601 -6602 -6608 -6611 -6616 -6619 -6622
-6625 -6627 -6628 -6637 -6637 -6650 -6651 -6656 -6666 -6670 -6679 -6682 -6683 -6686 -6686 -6688 -6690 -6690 -6697 -6703
-6709 -6716 -6716 -6717 -6719 -6729 -6730 -6732 -6750 -6752 -6753 -6768 -6769 -6769 -6771 -6774 -6782 -6782 -6782 -6789
-6791 -6793 -6794 -6804 -6806 -6815 -6820 -6820 -6825 -6833 -6834 -6834 -6840 -6843 -6843 -6843 -6846 -6847 -6850 -6850
-6851 -6854 -6856 -6856 -6860 -6860 -6863 -6868 -6873 -6873 -6874 -6876 -6877 -6881 -6889 -6898 -6899 -6903 -6917 -6936
-6943 -6943 -6943 -6945 -6951 -6951 -6955 -6959 -6964 -6971 -6973 -6978 -6989 -6993 -6996 -6998 -6999 -7006 -7019 -7032
-7035 -7044 -7045 -7046 -7049 -7049 -7059 -7070 -7071 -7071 -7074 -7082 -7099 -7106 -7115 -7119 -7124 -7125 -7126 -7127
-7136 -7137 -7145 -7145 -7146 -7156 -7157 -7160 -7165 -7176 -7178 -7182 -7187 -7200 -7201 -7201 -7208 -7214 -7215 -7222
-7223 -7227 -7231 -7242 -7249 -7255 -7259 -7262 -7262 -7265 -7280 -7281 -7283 -7288 -7289 -7294 -7294 -7295 -7299 -7303
-7307 -7311 -7317 -7319 -7322 -7339 -7340 -7359 -7364 -7376 -7388 -7390 -7394 -7394 -7395 -7405 -7412 -7414 -7421 -7424
-7439 -7439 -7445 -7451 -7454 -7454 -7455 -7457 -7461 -7465 -7466 -7496 -7497 -7510 -7513 -7514 -7521 -7526 -7532 -7542
-7551 -7563 -7565 -7568 -7571 -7572 -7576 -7577 -7578 -7581 -7581 -7584 -7587 -7590 -7590 -7594 -7600 -7602 -7610 -7614
-7627 -7629 -7641 -7644 -7648 -7654 -7657 -7660 -7671 -7684 -7685 -7687 -7691 -7698 -7703 -7704 -7704 -7706 -7707 -7711
-7715 -7715 -7721 -7722 -7726 -7726 -7726 -7728 -7739 -7754 -7755 -7755 -7761 -7767 -7775 -7776 -7779 -7780 -7781 -7785
-7788 -7789 -7791 -7800 -7803 -7806 -7810 -7812 -7822 -7827 -7829 -7832 -7836 -7840 -7841 -7847 -7848 -7853 -7858 -7861
-7861 -7863 -7866 -7867 -7867 -7868 -7869 -7870 -7877 -7879 -7881 -7901 -7901 -7905 -7918 -7919 -7930 -7938 -7945 -7952
-7955 -7968 -7969 -7982 -7995 -8000 -8001 -8002 -8008 -8017 -8021 -8032 -8038 -8039 -8045 -8047 -8049 -8051 -8052 -8056
-8063 -8068 -8076 -8078 -8085 -8090 -8091 -8104 -8112 -8121 -8121 -8123 -8126 -8128 -8129 -8129 -8135 -8137 -8138 -8139
-8143 -8144 -8147 -8147 -8149 -8158 -8160 -8170 -8172 -8174 -8178 -8180 -8186 -8188 -8189 -8193 -8209 -8215 -8221 -8230
-8233 -8236 -8243 -8249 -8253 -8258 -8259 -8275 -8275 -8280 -8283 -8293 -8298 -8304 -8310 -8312 -8318 -8326 -8328 -8328
-8350 -8350 -8357 -8357 -8361 -8361 -8367 -8372 -8373 -8374 -8374 -8381 -8398 -8399 -8400 -8407 -8413 -8424 -8429 -8429
-8449 -8450 -8452 -8460 -8461 -8463 -8463 -8464 -8473 -8480 -8491 -8494 -8496 -8497 -8501 -8504 -8506 -8518 -8521 -8526
-8528 -8533 -8533 -8533 -8537 -8546 -8546 -8547 -8550 -8555 -8563 -8563 -8563 -8574 -8582 -8583 -8583 -8584 -8585 -8585
-8585 -8587 -8588 -8590 -8593 -8626 -8637 -8641 -8646 -8649 -8652 -8656 -8657 -8659 -8660 -8660 -8664 -8673 -8675 -8676
-8678 -8682 -8691 -8695 -8696 -8699 -8702 -8710 -8714 -8715 -8715 -8716 -8718 -8720 -8724 -8725 -8729 -8732 -8737 -8737
-8737 -8747 -8749 -8751 -8754 -8754 -8757 -8758 -8761 -8763 -8763 -8767 -8767 -8768 -8771 -8780 -8788 -8795 -8796 -8799
-8805 -8807 -8824 -8825 -8829 -8830 -8839 -8848 -8851 -8851 -8858 -8861 -8865 -8874 -8886 -8887 -8893 -8900 -8901 -8905
-8917 -8920 -8922 -8924 -8925 -8936 -8937 -8941 -8944 -8948 -8955 -8956 -8958 -8959 -8961 -8968 -8971 -8977 -8978 -8979
-8983 -8987 -8990 -8993 -9001 -9001 -9008 -9015 -9017 -9022 -9027 -9027 -9032 -9033 -9050 -9051 -9055 -9056 -9061 -9063
-9064 -9069 -9070 -9070 -9071 -9071 -9077 -9078 -9078 -9078 -9080 -9083 -9092 -9093 -9094 -9095 -9099 -9101 -9108 -9108
-9111 -9116 -9121 -9122 -9128 -9130 -9138 -9142 -9148 -9149 -9150 -9152 -9185 -9187 -9193 -9199 -9206 -9209 -9211 -9213
-9214 -9225 -9226 -9228 -9230 -9232 -9238 -9240 -9250 -9250 -9251 -9253 -9256 -9257 -9263 -9264 -9274 -9274 -9275 -9279
-9282 -9283 -9289 -9298 -9303 -9307 -9309 -9310 -9313 -9315 -9319 -9323 -9329 -9337 -9347 -9348 -9351 -9352 -9352 -9354
-9354 -9358 -9363 -9365 -9367 -9371 -9373 -9375 -9378 -9379 -9387 -9390 -9395 -9398 -9398 -9410 -9413 -9414 -9416 -9420
-9425 -9431 -9439 -9442 -9443 -9449 -9451 -9459 -9478 -9482 -9485 -9486 -9487 -9495 -9499 -9501 -9505 -9510 -9518 -9530
-9532 -9535 -9535 -9536 -9550 -9554 -9563 -9564 -9565 -9568 -9575 -9578 -9579 -9579 -9580 -9582 -9586 -9598 -9601 -9603
-9608 -9616 -9617 -9621 -9622 -9627 -9631 -9632 -9643 -9648 -9650 -9657 -9661 -9664 -9667 -9672 -9676 -9683 -9684 -9701
-9706 -9706 -9706 -9706 -9708 -9712 -9713 -9715 -9719 -9720 -9735 -9736 -9737 -9737 -9742 -9743 -9755 -9756 -9761 -9764
-9768 -9774 -9776 -9790 -9793 -9794 -9798 -9799 -9801 -9807 -9809 -9820 -9824 -9825 -9826 -9828 -9830 -9835 -9836 -9837
-9838 -9840 -9844 -9846 -9859 -9863 -9866 -9874 -9879 -9895 -9897 -9900 -9900 -9907 -9913 -9915 -9920 -9929 -9933 -9935
-9938 -9949 -9954 -9956 -9959 -9959 -9960 -9961 -9962 -9963 -9963 -9965 -9975 -9986 -9988 -9988 -9989 -9994 -9996 -9998
