9991 9986 9965 9903 9903 9886 9883 9874 9854 9834 9829 9828 9801 9766 9740 9735 9718 9716 9709 9701
9700 9696 9687 9684 9652 9639 9598 9580 9562 9408 9372 9346 9338 9333 9307 9253 9250 9150 9150 9133
9129 9123 9076 9000 8998 8995 8929 8927 8926 8848 8844 8814 8801 8792 8788 8788 8767 8749 8738 8660
8657 8549 8518 8516 8508 8505 8487 8425 8380 8332 8332 8214 8211 8202 8202 8199 8192 8185 8149 8119
8110 8106 8099 8059 8032 8000 7983 7980 7906 7905 7893 7890 7868 7850 7828 7828 7796 7789 7738 7733
7699 7652 7651 7639 7630 7589 7582 7570 7566 7542 7532 7524 7495 7443 7417 7403 7402 7367 7299 7286
7269 7210 7204 7199 7133 7089 7064 7014 6987 6975 6966 6964 6921 6919 6917 6888 6878 6864 6847 6829
6829 6821 6795 6772 6720 6690 6686 6629 6626 6580 6571 6568 6555 6552 6552 6543 6516 6510 6480 6467
6457 6457 6441 6423 6391 6370 6364 6363 6343 6298 6283 6262 6249 6226 6208 6196 6195 6193 6185 6183
6177 6175 6158 6128 6118 6047 6017 6001 5995 5982 5981 5944 5926 5911 5881 5867 5848 5820 5797 5795
5794 5789 5786 5771 5695 5688 5686 5658 5655 5629 5617 5588 5564 5560 5544 5524 5500 5478 5478 5459
5407 5389 5368 5357 5343 5310 5281 5277 5270 5195 5162 5151 5114 5097 5076 5067 5064 5036 5036 5001
5001 4985 4983 4947 4930 4922 4913 4865 4838 4825 4802 4794 4790 4780 4775 4748 4726 4717 4717 4709
4695 4631 4619 4614 4597 4560 4528 4488 4479 4473 4472 4470 4458 4443 4442 4431 4390 4384 4305 4295
4285 4283 4232 4224 4219 4194 4188 4185 4162 4155 4137 4105 4099 4080 4077 4051 4041 4005 3997 3996
3978 3960 3942 3942 3938 3918 3914 3906 3901 3896 3885 3864 3815 3793 3780 3736 3721 3708 3703 3659
3650 3644 3615 3608 3549 3528 3522 3514 3488 3488 3433 3421 3396 3360 3356 3335 3321 3210 3182 3181
3175 3130 3097 3088 3081 3079 3071 3059 3010 2994 2952 2948 2911 2868 2867 2858 2843 2815 2806 2803
2780 2766 2712 2694 2657 2654 2652 2646 2624 2618 2594 2582 2581 2579 2574 2571 2567 2561 2541 2490
2479 2447 2430 2392 2373 2370 2329 2316 2310 2262 2244 2243 2192 2191 2177 2154 2145 2076 2056 2051
2016 2009 1961 1957 1931 1926 1923 1920 1907 1892 1887 1878 1873 1863 1860 1857 1814 1811 1798 1796
1728 1722 1716 1713 1708 1702 1673 1669 1646 1643 1626 1608 1605 1578 1553 1525 1522 1464 1462 1454
1440 1421 1364 1337 1324 1311 1293 1290 1203 1103 1093 1089 1078 997 941 927 894 854 853 829
820 818 749 741 739 734 711 706 674 668 641 621 594 569 566 553 516 497 494 445
441 438 372 354 309 290 264 248 221 218 214 189 175 146 141 127 101 96 94 90
86 78 33 24 -24 -44 -65 -69 -79 -122 -132 -146 -177 -201 -212 -224 -254 -262 -269 -274
-282 -287 -352 -369 -372 -392 -398 -415 -420 -421 -444 -506 -507 -520 -521 -523 -554 -565 -584 -601
-601 -624 -650 -655 -674 -675 -686 -687 -752 -754 -757 -758 -765 -771 -778 -795 -844 -851 -863 -905
-921 -923 -932 -937 -958 -958 -1019 -1036 -1044 -1088 -1139 -1173 -1212 -1221 -1254 -1262 -1263 -1266 -1304 -1347
-1360 -1361 -1365 -1380 -1390 -1394 -1394 -1440 -1460 -1465 -1479 -1487 -1496 -1498 -1520 -1729 -1730 -1733 -1733 -1743
-1753 -1759 -1782 -1783 -1794 -1812 -1818 -1826 -1838 -1879 -1885 -1919 -1951 -1951 -1959 -2061 -2182 -2191 -2242 -2247
-2262 -2293 -2407 -2457 -2462 -2465 -2469 -2525 -2565 -2609 -2609 -2663 -2666 -2673 -2675 -2677 -2679 -2704 -2716 -2725
-2730 -2755 -2769 -2783 -2793 -2804 -2804 -2807 -2814 -2824 -2826 -2907 -2925 -2927 -2933 -2941 -2948 -3000 -3076 -3089
-3099 -3114 -3114 -3119 -3209 -3215 -3216 -3235 -3244 -3250 -3271 -3288 -3303 -3361 -3371 -3403 -3435 -3449 -3456 -3461
-3488 -3509 -3528 -3540 -3575 -3580 -3581 -3589 -3592 -3622 -3661 -3696 -3701 -3702 -3711 -3720 -3730 -3748 -3757 -3762
-3775 -3779 -3800 -3819 -3836 -3838 -3840 -3847 -3847 -3930 -3951 -3956 -4021 -4028 -4047 -4105 -4218 -4222 -4223 -4226
-4266 -4326 -4364 -4368 -4427 -4441 -4455 -4485 -4528 -4539 -4541 -4544 -4545 -4569 -4617 -4648 -4669 -4673 -4674 -4686
-4714 -4730 -4752 -4790 -4797 -4812 -4814 -4862 -4862 -4879 -4895 -4909 -4923 -4980 -4984 -4987 -4990 -5015 -5016 -5029
-5030 -5041 -5045 -5052 -5057 -5148 -5225 -5228 -5350 -5361 -5382 -5385 -5391 -5431 -5432 -5438 -5441 -5473 -5476 -5511
-5531 -5542 -5547 -5641 -5648 -5700 -5708 -5710 -5751 -5758 -5788 -5790 -5793 -5849 -5863 -5925 -5937 -5940 -5953 -5977
-5981 -5990 -6047 -6050 -6101 -6118 -6133 -6142 -6144 -6147 -6160 -6183 -6199 -6226 -6230 -6241 -6263 -6271 -6273 -6274
-6275 -6293 -6313 -6322 -6325 -6333 -6360 -6370 -6395 -6412 -6416 -6426 -6439 -6443 -6482 -6484 -6520 -6520 -6586 -6603
-6622 -6643 -6669 -6691 -6709 -6759 -6848 -6866 -6880 -6892 -6896 -6930 -6953 -6953 -6976 -6977 -7011 -7015 -7030 -7042
-7092 -7098 -7110 -7116 -7157 -7182 -7195 -7230 -7279 -7291 -7291 -7295 -7303 -7312 -7365 -7368 -7423 -7452 -7454 -7488
-7512 -7517 -7545 -7549 -7579 -7584 -7584 -7622 -7665 -7674 -7675 -7695 -7738 -7778 -7811 -7847 -7866 -7921 -7947 -7973
-7980 -7988 -7993 -8007 -8092 -8113 -8121 -8133 -8134 -8146 -8150 -8161 -8173 -8185 -8211 -8280 -8295 -8327 -8328 -8336
-8349 -8373 -8387 -8388 -8402 -8415 -8450 -8456 -8463 -8518 -8545 -8580 -8586 -8597 -8616 -8627 -8633 -8719 -8753 -8761
-8764 -8781 -8813 -8831 -8838 -8900 -8941 -8946 -8961 -8977 -9046 -9054 -9069 -9097 -9103 -9122 -9141 -9145 -9189 -9195
-9234 -9265 -9270 -9298 -9301 -9304 -9310 -9344 -9352 -9371 -9381 -9394 -9405 -9405 -9405 -9408 -9420 -9456 -9495 -9512
-9536 -9543 -9566 -9585 -9723 -9755 -9757 -9759 -9769 -9804 -9818 -9845 -9862 -9880 -9902 -9909 -9924 -9972 -9981 -9985
