-2477 -6198 -750 -3207 4998 5598 6464 1361 -1635 -8128 8304 -2866 -8990 7101 -9895 -9213 -4226 -4420 7272 8530
-1480 8900 -6556 4350 -1975 7375 8012 9430 6991 7460 -1719 1170 7267 -6447 7020 -3819 -9938 -6856 1046 -8021
8956 -640 -9319 -3218 9971 -5703 -6425 -4084 -1258 327 9356 6795 13 4716 -6072 -7754 -765 5382 -6011 -5803
9964 -7454 3444 -3705 4061 -7711 -6112 4981 -5622 -6352 -8824 -6088 -8361 960 -636 6287 8698 -2513 -8104 -6265
-3902 -4815 -2101 8888 3087 -1409 8842 1572 7754 8328 -2493 -4213 8905 -8374 -2629 6185 573 -6465 -4028 8766
-2239 -6877 -9310 -9211 9037 4005 -377 9651 -1946 -2077 -6154 9537 1842 -6136 325 -1896 -1075 3373 -2864 -6683
4836 -4804 4356 -7265 -3451 -674 5121 -5864 -9358 -8230 -8158 7340 2680 6987 2399 2399 -2641 -4981 -9579 -956
376 -5345 2326 -3629 3790 -7187 -8188 -9837 -3175 3412 9849 8137 -6403 6567 4949 -9431 8195 796 -5381 -4668
5826 -2757 4372 -7627 -3571 5513 -4436 -7046 -5800 5786 -2476 -6305 2900 -8767 3091 4558 2623 -1459 -353 -6656
8865 2514 -9915 -2883 9306 -6804 9930 3191 -2380 906 7881 8856 -3061 5804 7599 -9962 -1711 4274 8379 4352
-8673 4425 -8398 3775 -3825 7398 -1521 -3801 -4074 -57 -7421 -6377 -425 -3116 -2002 -2469 -5320 9586 -9225 -737
-2003 -1553 -2751 -5295 597 -6276 -1423 8647 -8298 -402 -4549 -5564 -7521 -8533 -8660 -714 -2519 -4209 6143 4688
7233 5623 -4820 4809 599 -6917 770 -6394 175 -7439 5401 -6403 7817 5333 6621 -4203 -9240 -2479 -5768 -8710
1434 9011 282 256 -3847 923 -8461 3947 -752 3646 2780 -777 66 6219 7196 3681 -9632 -9032 7589 2281
9279 4843 8771 3543 1804 -9206 -2323 4989 -4724 -1215 -6782 -6529 -4252 -3307 -7255 6333 3403 6365 -3776 -5918
2473 -509 -7137 -5682 -3017 1728 7902 -9874 -1232 -8350 9637 3974 8809 3621 8498 -9631 6834 -9420 1114 -2919
-2576 -6001 2774 5741 -6432 3922 -8429 -2082 -9371 -8002 -3253 2504 -4861 4848 2371 4317 3620 -6173 5462 -7728
-3198 -9563 5061 -1663 4198 -5868 5451 5655 2852 1159 -7124 5836 2456 9368 -9425 1342 -3353 4523 -8178 -744
7372 8731 -5103 7404 -4367 -9070 -2481 2901 -2270 3201 -8720 -3370 -8732 -5213 8961 5021 -208 8228 -638 2675
8789 -1083 -4618 5984 9139 637 1592 8836 6739 5323 -2621 -3154 -894 -4743 -9001 6237 1163 344 8489 7604
3231 -8135 -643 3226 4416 7254 8367 9439 4141 7959 -572 -7214 -6515 4353 3758 239 6300 -2078 -53 9748
7761 -8407 -1584 7704 -4969 4121 -2975 -5392 1176 -6215 -1841 9322 9245 -9510 -9352 5740 -1376 -6559 2220 -6475
295 -5863 -78 6814 -8400 -8714 -2931 -8691 -5630 -4471 -4235 1199 -7032 -2497 -6114 -7376 868 -7201 -5302 -9840
-4223 1742 -4163 6828 -5855 -9275 2414 -3357 6062 -5055 6351 -8501 1091 -82 791 1440 4538 1046 -5453 -1093
-8078 6781 -2967 3542 -2887 1567 -1004 -5560 -3353 -230 -1405 1461 -854 1189 -4012 6279 -5406 2522 2582 -2668
3362 7311 3466 -9375 9453 9374 -6729 -9410 6360 1678 -3178 1765 7220 3841 6455 -6996 -6377 7095 -2307 1288
-495 5592 4256 1888 7957 -2710 1964 5732 -409 -3538 9095 -6730 -8715 2976 -1878 -3026 3680 1065 -9518 1816
-5294 -7858 -7847 4641 -5243 2538 3306 -685 -3240 7641 140 -5135 -8521 -1028 1287 8517 -5204 -9900 -5261 4653
9509 -8924 -5727 -5883 -612 -777 -3292 6187 7741 -3383 3041 -2313 6712 -8491 7659 -9664 -3197 -7812 -9713 8353
8794 -2549 5198 3695 -7707 7846 -8533 6009 6575 6256 6634 -1570 147 5172 -5835 -1126 -4305 -8874 -7572 -763
6568 -5707 -334 2177 -76 -6840 5549 -3295 9941 -9579 5384 9773 -7832 6917 7908 1390 -2841 -4551 -8149 -4507
7957 -4315 52 -2115 -8236 -4842 2906 6013 1361 9502 -4721 3187 6348 7568 -7223 -7955 -1777 3989 4350 -1336
-3382 3004 -1281 9650 6667 3020 -8032 9908 -436 1392 2879 8459 9769 -6703 -8795 -6216 3127 -2634 -7930 8619
-9657 3861 7033 -3043 -184 8706 9109 -6769 2738 8600 5142 -4793 1682 8665 -5591 8111 -8413 -5218 7219 7818
-935 7731 1481 5640 2421 5687 -1152 6351 -9449 -4622 -4970 -5478 -5933 -9648 1216 2082 -3449 -2670 5312 2234
7763 -1496 2786 1415 -6073 8919 -2580 1976 -7099 3718 -7881 3561 -5918 -9949 -823 900 -5677 2836 -1995 -222
-8056 -7654 -3692 -8563 -8905 4714 8090 -1526 -1736 -6002 8556 -7496 1680 6324 2154 5470 -7364 2891 5421 -7610
-4572 -720 1227 -6288 -308 -6471 5191 -9879 -4694 -5194 -1297 1737 -4148 8322 5936 -2898 1795 225 4632 5185
-907 -1222 2142 5828 -7126 4988 -640 -9337 -875 7138 5644 -2536 1 -691 -2316 6241 -9580 -5985 -5451 5090
5037 -6558 9701 7892 -4504 2578 -1193 -5591 8008 -9347 9516 6169 -9101 -5178 -3900 8714 649 -8068 7992 2409
-6716 477 -3267 9909 5636 -4515 -9307 8775 8033 4107 1190 -7614 6440 -930 7222 -8588 7820 932 -967 -8452
-2285 -1797 3094 1041 -6445 -3061 2801 -6218 -8851 -1703 -9661 257 -4879 -6192 -4395 -326 -3304 3775 -2003 1859
-5666 4219 -3932 -2736 4109 -7803 8681 -2519 -2468 8070 9299 7135 -5294 6464 -7629 843 -9761 5170 -2440 6146
-1723 3131 -6375 -5096 -8695 4938 9303 1582 -4936 -119 -6637 -2780 8951 -1338 -9742 -7455 7731 -9790 -8582 2809
6147 4874 5220 359 -6753 -1635 995 8802 7731 3363 4239 -5195 9607 -7414 -8763 -9798 6708 -1598 -8147 7968
-2692 -307 -939 1027 -7863 -3285 3062 -7497 501 9076 -3573 146 6031 -9256 -5306 6111 -2250 -881 4228 6093
1701 2746 5856 9028 -2689 4117 8958 -9825 951 -9706 6116 6313 -3149 4735 3341 2152 -7445 -1301 -4885 -8253
-7457 -9960 -2916 7791 -556 -9080 2262 -4878 7440 4171 8932 2601 7006 -9499 190 -261 -5933 -4318 -3805 -8971
9941 -1914 -9352 1885 -8865 -7388 2923 5433 76 7051 6491 9113 -677 -8678 -7115 4109 2580 8811 -1542 -897
6022 -7848 -1452 -7317 -7019 3340 385 5906 -6015 -57 2211 -1839 -7578 -4547 -8449 5370 -6206 -7532 -9535 9936
3572 2400 -194 -3451 5072 4824 8167 7035 -5386 3317 -5833 879 -3652 2827 3077 -4072 3729 6078 556 5927
-1480 3462 -2647 8175 1510 -7901 -666 5515 -8180 5424 7054 -7785 -6295 4641 8324 -6999 -8799 -2181 -4153 -1409
-8258 -8848 -17 9525 89 41 -5940 2922 3423 -4794 6394 -5982 7395 -9099 -714 -4109 1242 -1420 -9238 6760
7727 -9963 -319 -5425 -9274 -994 9066 3298 9720 -342 6145 -5601 6226 -5832 -9442 505 2400 -330 4557 6006
6587 7469 -9226 1596 -5488 -5777 4222 6355 8117 -3873 -4283 -8123 6727 -7259 3721 -1665 -2738 7143 911 2044
1656 -6533 322 -1814 -9564 -8318 -6034 809 1588 2572 -5869 -4961 -6600 -6566 -5644 3670 8876 6891 3150 -8143
-2364 -8526 9049 9606 8890 3305 -9582 2087 -3888 3186 7703 2499 471 -7157 9404 1303 5893 -2200 6051 -914
3781 -7465 -1174 -1838 9982 -3927 -8805 -9774 510 3064 3067 -6063 -4151 -3323 7437 7291 6319 -4728 -639 4958
-6959 -5167 6358 -9530 478 3558 -2086 7233 -2689 3737 9786 784 2595 -776 6145 7556 -6312 -5673 -657 2611
-8626 1800 -6793 -9603 -4102 -6057 -8763 8519 5311 -8583 -4034 -5125 4569 9417 -33 3196 -9737 -9743 -7394 1103
-8357 5145 -373 8288 3803 6134 -4963 -9793 3404 -8312 -3541 -5073 -8718 -3747 -3726 7317 -445 5452 -8656 -4247
-6470 -5808 -6043 1823 -9230 4983 -4095 -6768 -8900 8153 -3808 4195 2121 -5561 -9128 6051 -4998 3537 873 3665
-5163 9773 407 408 -1177 7875 4671 -3938 3773 8180 1046 -2026 -7827 1176 2847 -3892 -6943 6358 8931 -2658
368 -266 6072 -6539 -2700 -1886 -5990 -9263 281 6432 5425 -3193 808 6890 -5131 2815 7274 5610 1729 -4704
-7780 -6273 -7125 3313 -6860 5525 415 -8381 -3016 6230 9298 -9621 -26 -3547 -1931 6032 -4900 -923 -5917 6354
-110 -2508 -8147 -4399 -3452 1624 -54 -7182 -4479 -9900 7943 -2006 -8170 -6863 470 -3311 1198 1419 -9809 -5909
32 -8780 -4142 4178 9763 5436 -4846 8728 1851 3968 -4962 4393 -5092 -4983 4676 -6137 9988 1401 7766 9385
3977 2876 -7806 3452 -5661 6724 5425 2446 1153 -5486 3934 -5638 4403 -7044 -5835 -8563 5946 1175 1178 -7424
-3665 -4518 9083 8961 -3091 5881 -5239 9020 -2947 -3931 3088 6169 -4500 567 7986 -5698 2835 -1102 9151 -8008
-9986 -2612 9113 6642 -5182 4148 -416 -5394 4507 2231 -394 -7687 -1172 9697 -8958 6922 2632 3481 9301 2877
1953 -3531 8906 2890 1311 -5910 -5324 -1481 3293 -2014 9726 -3569 -5833 9994 1387 -8233 1303 -338 5392 -222
9631 -7070 -2758 -9095 5144 -1603 -2287 3032 -6353 -9313 6791 7371 2480 -1990 -2941 1729 -8091 -7145 3701 -3563
1128 1058 3753 4203 -8463 5108 2087 5468 6987 2593 -4111 -4434 7114 -9935 -7035 9058 5679 -3605 -7779 76
1026 7791 -2985 -4662 299 9243 3831 8709 -7006 -6036 9812 -7242 2726 3752 -6782 3721 -1244 -1225 693 -8374
893 -4659 4496 -3001 2787 -5405 -8546 -277 9450 -6143 -6628 4002 -4992 5456 6024 -3727 -3762 5434 -9439 86
6382 -3594 7300 -6436 1998 -4903 -2661 -8993 3337 5763 2319 538 -4269 -4316 -3129 -5595 5931 8340 1923 7617
-6856 -6369 -9988 -5937 -331 2666 6113 -2911 -9413 7143 9247 -6270 -4079 259 -8767 8332 -8085 -2665 9428 2325
837 8 190 -7822 -9309 -2145 -998 7297 -2307 -4312 1850 -6272 -4844 -6437 383 -2052 -7412 9673 -9193 7887
8386 3792 -6850 5518 -1586 -9108 3681 -3060 1057 -9250 -1257 -8174 -2975 68 -6876 4459 -764 -1389 -9676 3261
4509 -9715 5704 4830 -5368 -6170 -3528 -8076 9516 -4051 -5162 -7294 9719 2243 -7600 -9282 -465 8159 4948 1685
-4850 3490 -2656 -5823 -4949 -434 8013 6492 1895 8310 1816 1842 -3482 6744 -1318 7992 -4483 9255 -6625 5970
-5953 3135 -874 5296 5009 371 -5397 -9627 -5258 601 9804 4288 3615 6391 -8052 -7800 7615 2645 7302 -3148
4058 6989 -888 3431 -9017 -2664 -4565 -9907 -4407 6642 3647 -6089 -7722 2987 762 9870 -4691 5639 -9554 2694
-4796 4645 8713 7913 -8893 -7201 787 9511 -5865 4415 1470 6835 -1235 5431 -9398 3153 704 -6308 3798 2332
522 7089 -3342 8562 -7513 330 7984 6875 -2406 -1330 4302 -559 -1288 8804 -5933 4173 -5942 3399 -4541 8155
2911 -3599 6511 8724 -5499 -8757 542 9749 7442 -6495 -6476 9740 2893 -6679 2950 1857 9792 1003 162 3746
-4941 1827 9834 7311 5598 2873 -8590 5143 2221 -3965 7789 -8758 -1701 -3007 6413 9049 7991 -67 7156 9471
333 -7775 -9988 5691 6261 2010 3592 9991 -4175 4809 -7227 -9329 -7594 -7222 -9398 -5672 -342 -7868 -4323 374
5216 539 1679 -9416 -7127 6897 642 6847 1988 -9022 5742 -5040 -692 -239 -6964 -8585 -5808 1100 4536 3554
-6602 3468 7388 1353 -3861 3078 5671 1225 -5938 -3456 -7581 -1097 4066 -1452 9968 -666 4599 9582 -3384 -3073
8071 8903 -3220 -861 3509 2179 481 507 4306 -7869 -4031 2669 -3831 3562 6647 -1229 -141 1741 211 -2165
2277 -5046 4032 -3737 7747 8335 -3716 9618 -1004 -3270 7194 -1871 -5564 9354 -966 -5904 4709 8402 -2934 8443
7318 -2437 -3324 -2873 -6686 -5516 -5755 5943 -5446 3813 1107 4473 -6013 -5714 994 6499 -5275 -5370 1901 -4822
-3688 -1315 -6851 6588 -1312 -9830 7659 -5027 5727 1908 8081 7089 -8917 -6899 3385 -8473 -807 1391 -95 1686
3895 3947 -2439 -1671 -3995 3747 -1911 -823 -496 3445 -2404 -996 3685 -98 -9348 -6006 5634 7462 -2691 8850
3852 -2570 -1886 4213 9639 5021 5132 -4591 8014 3150 9365 1377 4527 -5022 6702 4847 -1805 -5977 -4360 1394
4167 1897 502 5970 -7685 -602 3753 -9148 -9920 -3318 -9764 8636 -746 2656 -5219 7997 -2753 -7510 2612 -1607
-6490 -4712 -643 2717 -8641 -8506 4186 -5880 4389 1476 5740 4795 -5083 3035 -4038 476 -370 -3801 1858 -5251
4616 -1300 9403 -8049 8404 4926 -2540 -3452 7440 -5109 -7466 -9684 -6403 -2057 -2417 -3507 7866 -1584 -193 2269
8304 -2649 3484 -2423 3622 -4339 4392 9080 -3545 -211 2215 3612 -7581 -9121 -3415 5017 2497 2934 -8983 -7590
-2940 4152 -3021 6367 51 8810 7704 2336 1371 4567 -1904 -2164 -5538 1965 3194 1510 -5640 -843 -6874 8136
-821 5562 -2612 -6031 5037 3147 -4527 -8460 -9138 3426 4541 2079 -4698 2065 -2247 -2776 -6833 1092 -690 9489
3346 1249 3933 -6834 4108 3916 -346 -6059 -5042 3306 -6719 -3569 6924 -4730 7743 4214 5186 -928 -214 6603
9385 2897 -4931 507 -2239 2612 -4257 4192 1435 6450 2912 2560 -5298 5814 -6850 797 6123 4274 -5659 -5191
-6465 -6881 1604 -7178 3714 2468 -1074 2865 -5455 1936 6369 -4456 -6074 -5706 -3677 622 5470 -711 -4725 -660
6205 2951 9911 -7706 -3920 -9756 8133 -5154 -7049 5786 6652 -1343 50 -1340 7336 -1127 5640 2972 4343 1828
6544 5812 -6697 -2146 -1261 -1286 -7565 7836 8945 -2569 -6536 -9365 -8649 8018 -2413 -8676 3150 -5280 -1566 -2608
1507 7073 -9863 -8357 -7160 9867 4060 6489 -6971 -9701 -7359 -5342 4160 -8367 3010 -3948 -117 2101 -3321 -444
-2770 -8464 -5422 -7919 -2055 -3624 -923 -5057 6897 6197 6372 9870 -898 1828 -6271 -6449 -9836 -3623 6562 -9443
7614 -3877 190 -176 2712 8271 -9643 9581 3649 -3053 -4796 9695 -8063 7588 9383 -1144 3923 3009 -1649 6857
-1083 1981 -2363 9451 -5640 3018 7973 4805 6746 -7648 -7319 6580 -5300 -4280 8560 8963 -2351 -1392 -4239 -6311
-28 8994 -4239 -1810 6290 -9617 -493 7447 8751 -8901 -9799 9954 1711 -1700 -3099 -9568 -6868 -7918 -3740 -1523
-4678 6303 -9828 -6686 -9667 -1581 7005 149 -2654 -9387 3299 3318 850 8927 1436 5505 9167 -4149 6793 787
3095 4984 5213 2059 3978 3881 8420 -9378 -582 -6873 -8948 -2697 -6825 -4088 8552 404 -6536 3053 -57 -3848
897 -6586 3807 1990 3765 9077 9378 -7853 -5855 8383 7650 -1606 3488 8102 -245 -3299 905 -1478 1638 2730
1283 -7866 -4881 -4309 -6314 7859 -4035 1023 3126 -1597 -568 7700 907 -1628 2989 -4304 95 5122 -5467 3180
-6457 3153 -7584 -8494 -8000 5942 -9050 8871 -538 -3333 1797 -9253 1778 1152 7763 6737 2870 2643 1030 9507
592 8654 2659 1739 -8716 5158 -5475 -8221 8540 2782 -1631 -2267 -2539 -6556 9708 3215 901 -6005 -3337 5788
8697 -4019 5537 -8660 -5148 7497 -3945 -5769 926 4410 -300 3993 -3451 3837 -5590 -5302 38 -7176 -1831 2823
-6469 9521 2613 3512 -2171 2969 -4221 -6389 2337 -9303 477 2657 -4976 -9078 1507 233 6275 7955 -8941 9673
8774 -4225 7119 -5947 3263 -4715 -5439 -9251 7063 -4121 2864 -4461 8655 -8754 7978 -3687 -2555 3199 8876 9909
2988 -4612 1676 3430 2521 -8682 -4034 3596 -444 7979 9067 -5715 -400 -2355 -5527 -6666 -8249 -3922 -9451 5067
6942 5363 -5162 4653 5072 -5996 -2109 4535 4019 -4313 8589 1595 3745 -8749 -9776 6571 -1780 5941 3391 -5568
6857 5886 -2172 6018 -4598 -5954 -9152 -2807 -6057 6492 -5139 -7905 -3270 -5078 -9283 -8209 4928 -9315 7229 -1311
9220 -613 214 558 4373 -6732 6747 -4182 2401 -8922 2081 -6038 4916 2062 7777 -8429 8527 1946 -9913 5333
9854 4452 7506 -1196 8754 -8121 -4375 9367 -222 -7283 -3954 5910 -7288 2986 4103 6225 -6820 1168 7512 -4059
3884 4108 -5235 -1987 -4040 -6846 8268 3395 8219 6080 2642 9442 -246 976 3503 2954 8402 -6688 6296 9467
-5996 6769 8303 9470 -8796 2223 -9975 -4297 1685 -2626 -5593 -6495 324 2076 -5797 8405 -6374 -8725 8805 1711
-7840 -1229 -7568 5828 1329 631 5358 -3642 -3083 7127 -830 -2259 -6771 -3552 -4398 -6709 -7514 2212 -3488 -1090
4288 9953 9925 2634 3500 5267 -6205 9337 -6120 8202 5269 1518 3012 4759 -1302 -6943 -8144 6974 542 -6860
-808 -1869 3508 -7715 -2263 8998 5912 -8547 -5521 4773 -4773 -1282 2932 569 -2860 -4228 9615 5779 3188 8774
-9069 4573 -8851 4606 9964 -8979 2859 -5413 -4633 -6993 3978 3002 -3443 -892 -509 7529 894 7002 -2699 2708
9273 750 307 -3918 -3220 -2576 4689 -559 -5420 1099 8876 4833 -1848 4088 -6223 -3433 -4731 1599 364 6407
-5183 -3374 5515 9481 4582 6891 1330 3125 -7439 5077 -3330 9993 -7829 7336 2730 185 -3127 -6782 -3245 -4991
-5685 -7322 -191 -2828 -6000 -7294 -4447 8808 5792 -2580 -2448 9676 9255 1067 2412 -6789 -4142 3440 5367 -2169
7516 -8424 3479 4937 -4264 -9601 9660 3568 5808 8088 8044 4445 -9963 9500 -2001 3373 -7074 2850 179 5563
9549 1125 -6494 8353 -4011 358 -3182 190 7801 1911 3183 8401 -1132 -4712 -1524 -2622 8825 -8193 8811 2270
2397 -2436 3767 1086 -1446 -3336 -5876 333 1303 2600 3887 -4099 -2745 6889 6908 -8160 -2246 9768 -1749 -4965
-4564 -2265 -295 -6529 -3522 -2866 -2564 9874 642 1750 -2204 966 -8659 5514 4620 5396 7559 8951 8134 -9354
-1664 9892 -8328 -9257 8861 -4753 7892 2618 -5117 1253 -8920 -753 9197 4689 -3693 2443 -9622 6870 9882 -2789
9774 -3935 -1512 3098 -2105 2098 -3235 5730 -4076 9402 -5143 -6005 1985 -8275 -1481 4870 5101 -7082 -5094 8878
2471 3911 7006 -5526 -2285 -4027 -1078 9373 -815 4781 2821 -9083 -1762 -1440 -3630 6018 7537 6712 6811 4093
-1011 -7106 -5397 3535 -120 8351 -4361 3936 4035 -2368 -3439 2165 -7454 9425 2541 -9232 -4386 -9719 -8861 -8138
3521 8389 9471 8774 -9478 8338 4895 1124 -9363 -4059 1793 6902 -1141 -5292 8770 7278 5240 2478 1692 -3520
2590 7948 -1511 12 1235 2518 1487 -147 -3697 2878 -7684 -5064 4432 4141 2995 9331 -2373 -7877 -5161 -1009
-7879 -3495 -5848 750 -305 4111 450 -5513 -2207 -6527 -974 -9064 3103 -1917 -4802 -6426 934 -3603 2421 -6619
9768 1673 682 -65 6806 4117 -4770 -8587 6113 1583 8658 -486 6144 3212 -8280 -6834 8006 2922 36 7056
9689 -3447 -5101 -2352 4866 -2264 6931 269 -2528 -6794 -8829 6198 5365 8292 1442 -1596 7787 7726 417 -1367
-7861 -4347 -159 7043 -4243 1904 -7307 -1623 -2055 9094 -4177 -4103 -3577 6993 7716 -4122 668 -3089 1514 1411
-7715 9473 -1699 4604 -384 4156 -114 -9027 -9801 8405 3930 8906 509 7860 -2731 -9482 -2430 -2592 5619 8070
1599 5283 9619 2332 -7249 9317 -1744 5822 -1663 -4259 1219 4851 9579 6561 1586 -388 8998 1551 -511 -8751
959 5318 -3989 8960 8711 -1351 -5433 8606 -8574 6484 -5627 7153 4285 -7576 -2656 4473 -6393 -8497 5903 5615
7283 -688 -5385 -7390 8500 6115 -6504 5216 7740 -296 5020 -5301 -5502 58 -9505 -6156 -4036 -7295 4462 -159
-4934 -4223 8140 -5482 4840 8305 -5356 8615 22 4183 9878 -6650 -9956 -2511 -6576 -6485 302 -9485 -6323 1646
-9390 5858 -9351 -7461 1176 -1659 8544 -8555 -2741 1279 -1862 -2244 3799 4760 -3604 8802 914 -8858 7488 5618
-9959 4835 -4533 -5913 -1177 9740 -5620 840 -9487 8319 6429 3635 714 1345 -6951 -9379 705 -3289 7379 -8001
2401 9510 9588 -8977 -4833 -6308 8886 -853 -733 8152 7777 -7704 -5355 6990 5255 -8137 -2961 -5044 6079 -5059
6107 4719 3188 -6323 2287 -7340 9501 -6682 561 -5766 -5996 2597 54 8751 4977 8590 -1386 -3441 606 965
-8944 9127 -6047 -2197 -1337 -5572 -4648 6705 5863 6283 838 -9111 7667 -3013 -9994 291 -1515 7539 1004 -7590
-593 9202 3943 6705 6782 -6108 -3012 9814 -9844 -971 1786 -3302 -7867 5012 -3404 -4981 6692 375 -3372 -3358
-4236 -9063 -8450 -8887 6557 -5079 32 1283 -5822 -3975 377 976 -4495 829 4968 8670 1096 5686 4187 -398
-7952 1397 -7136 1579 8336 -8528 9039 -3061 -5981 -8293 938 4718 3051 -4962 -6461 3032 7089 6302 -9008 -7995
3743 -3449 5364 -7726 143 -4050 5829 3232 2489 -1928 -4629 8545 -2551 6538 4472 -5604 5781 -2526 2966 -1943
2532 -1854 -7641 -9001 -8583 -6574 -8585 1694 -6312 7336 7669 -1382 3860 7010 -3257 3631 -3957 723 9984 -9961
-4510 -9501 -1074 -1945 94 -7145 2417 -6750 6157 -1146 9023 757 1645 6460 3415 9590 -1519 4488 -9070 -2590
3066 -1892 9386 -3644 -8699 828 1426 5331 787 -2673 -5668 -6843 -1305 5249 -2815 -9495 8961 -7776 -2345 -3678
7017 -3100 2418 6692 -5789 -339 -3689 -9354 7334 9985 -4165 8395 1383 3027 2482 -7215 5723 8042 572 -5503
-4771 5659 -7059 5580 -1179 9765 5779 4360 7937 -7049 1279 7628 7073 1915 -6468 -6820 7441 1207 9161 7381
3076 -128 9732 -1599 6421 -3721 -2204 -3935 -2536 1372 2683 -6016 -3083 -9965 5780 -1257 9741 3974 -2003 -5682
487 7714 4496 7788 -3513 1802 3519 -5417 8823 4199 7221 8079 -5637 2126 2933 -643 -5254 -7726 -6854 8213
335 7295 1718 -3738 -1491 -9108 -7551 -2963 -3471 -7394 -5864 -3554 -675 6517 3605 9782 -7836 -4368 4917 8698
7041 5582 -884 -6889 -49 -2434 4313 -999 -6117 1097 812 3364 9410 2117 195 -7698 -8807 1481 -9094 -2686
4508 2525 -4136 -1685 1077 -5362 9984 -285 -1951 -7781 7250 8144 -2110 5340 -1924 -3058 237 -319 -1833 -6479
-521 8954 11 -8968 3824 -6945 -2706 5464 -6898 9572 1206 -6595 -6716 5052 5567 -5861 5951 -4424 5063 2576
-9586 -6304 7634 -3254 -4805 -9298 8158 -4855 -6199 -548 6064 5192 -2531 3626 -5615 4373 -5438 4302 1968 -9616
2732 4149 -5777 5628 -4203 3286 -9289 4910 2405 -996 311 -6998 8154 4086 6382 -9078 6730 5335 -4514 -3588
-1050 -4822 -6295 5008 -8747 4914 -5528 -6553 -2747 8107 -8956 -3137 -2635 7114 5384 -4700 2359 4430 -6806 3537
-3182 -6287 2211 -8959 8081 2883 7611 6072 -4863 3546 4474 -436 263 7299 2774 323 -6146 89 5197 3477
9963 846 -7671 -1253 -3518 9981 -6601 4251 9700 -2885 3702 4978 8152 5567 2246 2908 5214 3616 4846 7965
3840 9483 -939 -4434 131 -1781 7800 7487 5090 4344 -1656 -1886 -4012 4101 -7281 7820 -9820 -4422 3993 -667
-4991 -6273 1068 1381 7625 450 -8126 6754 -1925 -2568 -8372 9122 7967 1329 8939 -5463 -4697 -2867 -1996 9481
-6254 6240 -9959 7696 -8350 -9274 -8702 -7311 -7405 4745 -1367 1936 -5023 -2274 -3379 2222 3376 -7788 2511 3422
-1020 1668 -2885 -9794 -9735 507 785 -2238 -1577 9849 4164 -1443 4732 -1844 3239 2512 -917 -4069 -2549 2669
317 8036 8263 2492 9842 -4026 3546 -564 -9866 -4375 -9486 -7789 9334 -6578 6692 6406 2020 5876 -5510 -5297
4581 -6386 -9536 3869 -8737 -8259 -4807 -8936 4033 -6651 -6036 -3327 -4192 2414 -7969 -4 -7571 -3942 -8761 -2441
3886 4325 7155 -8361 -80 8129 7573 -1172 8975 -7071 4392 5011 2851 -3063 -8652 4117 -7982 -1643 9941 3325
-1354 -3888 5132 -2907 -4180 -7045 1019 6509 2196 8615 4662 8861 1547 -6235 -6391 5203 -3804 3139 -591 -9122
2246 -2004 5501 5539 -7165 4413 -6616 5179 -6690 -5464 -4213 -996 9265 2927 9862 8695 4813 -457 6977 -3323
4274 -5345 8697 -6515 5623 9165 929 -7861 8587 6285 9892 9649 -5759 7441 4739 2352 6205 6547 2109 2746
-3742 -7577 7778 808 9220 9149 -217 2499 -6627 8570 -3950 2239 -6486 -2115 -2495 4584 -6116 -1541 -4972 3188
7777 9460 -4639 -7691 -420 -8139 -2842 7740 -6752 -5418 -6106 9965 8949 -4772 -4810 -7299 -3379 2855 2346 4667
1631 9638 7512 -8463 3525 2036 8876 -1543 -5972 -9755 6661 1355 5002 7194 6409 -2512 1008 5286 7183 2228
-5593 317 -7208 -9929 3611 -2325 -5999 3168 -2846 5918 8934 -9608 7680 -2746 -2509 -5966 720 -6815 3592 9683
3353 -3264 6404 7670 -2656 224 -1516 1663 320 9378 -5168 1591 -3173 936 -7602 -5975 -1224 -8550 4379 -6522
-8129 81 7965 2783 992 -2465 7707 9817 3359 7077 9774 -8737 -6578 1705 4634 -8047 -1978 4068 7499 546
-5728 2629 6955 8861 -4106 8829 2701 3150 6455 -4347 -6843 -9061 9982 -1965 2997 -3248 839 -100 -805 4118
5591 1455 -7755 -247 -270 -6562 -3490 8572 -8310 2604 -9565 -4529 -4496 -5436 -6542 -8657 1779 6420 1943 -3232
4299 -7755 1316 7170 6654 -513 -4165 7900 -293 -6224 -8961 6819 6497 -6622 6880 5401 -3623 2683 -8045 -2793
-5279 6640 -9051 4780 -1546 4934 8537 2625 -9015 5987 -6526 4839 -7231 6496 -3537 1354 5795 -7761 -5361 6406
-8283 -9708 4105 -3035 4134 1551 -35 7286 -4269 5597 -9367 8610 510 -2511 9975 209 -9720 7921 -3094 9589
2883 -5510 7604 5594 -2693 -7563 -9683 8503 7856 -1741 7022 -4088 6042 8982 9766 -7721 -5424 -6356 -7451 -6548
-6903 -8304 1935 -4630 9760 -4456 1335 8276 6774 1336 5032 4424 1263 3393 8462 8174 -4500 3308 1183 -7280
2617 4758 -1838 -2591 5324 9481 3636 3668 -4039 -1381 9805 6046 -3613 -3193 9952 7670 5777 -6147 -7660 -3333
-6717 814 -2641 1637 868 3487 5850 266 9250 7007 1437 5462 6984 264 -6094 -1876 9095 8226 4300 -5258
-2472 4056 -4620 -8546 786 1011 3462 -5946 -5236 -3311 9398 5624 -9373 -980 -2455 65 -1054 4718 -7901 742
1944 6541 -9998 8797 7779 -4308 8873 5410 2191 158 -2957 6319 -6336 -1529 -9250 -4560 8421 -8399 -9092 7183
-8886 3132 8617 4330 6014 9841 -5314 9887 -8215 1009 3925 -2710 615 5471 9836 3672 9537 -9575 -436 5627
8171 5414 2584 5941 2948 -1351 -416 3280 -6973 -8978 378 -5398 7699 -4366 -8585 -7703 8961 -2407 -5447 4635
-3738 83 9281 9057 3118 -1635 -9598 3170 7295 3382 2463 8034 7739 1033 -9199 2382 -7810 1959 -2913 4899
9619 9827 4585 -5502 -8830 -6400 5119 5751 -7791 -8788 -4182 -1795 -3617 -1711 -782 -5718 -9706 6249 -4842 -9228
4388 9097 -2856 -6327 2156 -2348 -532 5165 5477 3686 4367 5010 9156 4622 -9150 -3536 2244 -8039 8577 9020
-2355 3461 -8715 6872 -5173 427 4737 2935 3137 -2952 -5966 3623 -4761 -1211 -5623 9256 1661 1208 -2023 9069
-1786 -651 7782 -1753 -1790 1020 -3920 7258 998 4744 2759 -9077 7216 -4877 -5877 -3703 9487 4569 -1356 -5650
4966 -8955 908 787 -6847 6440 9235 6052 -1109 -370 -3920 3641 -3829 -7968 3301 9307 3637 1584 6748 1570
-2834 -6347 6364 6151 -1150 4203 9093 -6456 -4983 -8112 2408 -131 8587 -8675 -3904 -3484 3114 -134 -804 3773
7293 -5450 -2393 7712 -482 4700 5855 -1919 2240 -1219 3879 -2223 5426 1636 -3574 1660 7372 128 8780 4086
9369 1476 -1986 -9532 8468 -778 -6177 -1494 -429 -3206 7249 -536 4549 -2011 -795 8903 -8121 -2470 3698 9794
-4561 -7071 -6978 -1291 5698 -8533 -6082 8052 -9578 2945 -5174 -6177 5343 -9826 4820 9404 -2098 -5224 -5291 -8839
9235 5935 -9996 1383 989 -5931 -5933 8142 -5637 -9768 -2244 -9859 8941 -4853 -764 -2590 8434 9312 -5640 -4034
-625 7520 4156 -3914 7124 -2607 1411 9845 -8825 2174 3248 3855 -1128 -6943 -9209 7895 -6989 5701 659 9172
4618 9376 5988 5425 -2594 -4695 7070 7900 4911 -6690 3422 -2537 -4742 -7262 212 3658 -8172 -5060 -7542 -2488
-9264 204 -9712 4193 8097 -7938 -2229 -8646 1497 6292 -3545 -6936 864 711 -7262 7691 -5884 -5028 5542 935
2527 7144 -2471 -7587 9664 -4299 9179 5777 -3955 1840 567 -1691 -634 -2298 512 -3726 7161 1057 7036 6993
-4764 -3559 -3337 -2272 -9055 6494 3091 4864 5639 5363 -1880 4770 5090 -1385 9469 -117 -9323 -9071 1223 -9846
7382 4163 3143 -9033 -2659 -5996 4920 3949 -246 3430 -9279 6808 -665 5639 -2040 2427 6366 7813 2232 -4112
-8496 -9706 -2296 -9078 -1885 3217 -1003 -5482 -6214 -5442 -3286 9980 1002 -154 -5763 4676 4608 4391 -1695 -910
-9214 -6074 -9897 -1556 8642 -1035 7218 -2714 1337 -8090 -204 -9142 8863 -5873 6603 4927 -889 -7289 8442 7938
-2197 -6461 -2540 -4059 1173 8517 -8593 1721 7943 -9459 1738 -5158 -808 9717 -6288 9087 6163 8793 -4761 -2195
-3181 4507 -774 -3839 2163 -5280 1519 2109 -7119 8702 3309 -4887 5779 -161 2937 -6769 7808 6322 7571 5124
-6873 -4019 -9954 3893 -4285 6480 431 -5657 6478 -8518 -4518 4370 9562 7128 -7870 4612 -2190 1376 3526 8336
-8189 1206 -2113 5760 -9071 9638 -8480 3557 8008 5746 7865 -8724 2110 6528 4295 1733 5706 -531 7607 -7867
4162 9082 7793 6767 6153 -574 -2366 -9414 3840 -2208 -6951 5782 1163 -7767 5857 723 7542 7528 6712 -7841
-7395 440 -8504 7574 -4818 -4253 9267 -5087 -3087 9590 4154 1572 7198 -3969 7140 -6310 2054 6506 6738 -9838
-5413 -9989 9848 3692 9368 4354 -4110 -6637 6903 -4283 8376 -185 -2296 -4958 -1404 -4938 -1863 -4606 -4057 -5690
-7726 -5525 8655 6862 -4596 -9149 -2660 7256 5652 -8754 -8326 6257 349 -632 -2004 -5858 3322 -5719 -7739 -4058
-1789 8221 8964 -142 -8771 4 2082 -3939 -5556 -9130 8982 -6611 7714 4556 -7526 6175 3839 -7146 9787 2515
7292 -8373 258 -1243 2057 438 -4142 -7200 8675 -8563 447 -8987 -5504 -9933 -5251 183 4463 -8584 4509 6811
2413 1666 -797 -8537 -5069 4142 7857 5540 -8768 3836 7190 -8038 -6670 3055 -4754 -335 -9056 3992 -8925 4687
-4875 1530 -2260 7805 3536 1495 -7945 -9737 8593 -4170 -75 -4893 -2634 6815 1063 1953 9197 -2513 1039 -2269
-6608 -5225 -7704 -4951 5169 5681 -1308 -6774 -6791 4938 543 -5057 6712 -4867 8846 3608 3779 7152 -1514 -6843
-3750 80 728 2933 -1200 -4661 -4859 5654 2144 -129 -9650 6155 1632 -2462 1625 -7303 3306 -3268 1301 1073
-308 -4725 -4606 4583 -2889 1250 6492 -9835 5254 -9706 -842 2526 8055 6114 9519 -5898 2560 1702 -4384 8995
-437 -6330 9318 -6267 6181 1571 4196 6806 -3627 7832 -3215 -7644 536 2041 -9027 -8737 9924 5898 -2965 5052
-4502 -8017 7931 4638 4163 -9187 -4040 6889 -1994 6255 2748 7298 4190 9431 -5224 -3206 4609 -4396 5265 4770
-4821 7323 1220 -1113 4856 -9736 1823 -4959 3974 -4326 -8937 8069 -9535 -4709 -6365 5388 801 -9185 -1372 -8328
-9824 686 357 -6955 3507 -8051 -29 3958 -4763 -5653 -4954 8985 -8243 7598 -2602 -4731 5410 -9093 1665 9135
3596 6335 -998 2627 -9550 -5505 -8696 2304 -8186 -7657 -8129 -6434 6962 -1527 -1693 9135 2528 -8664 -7339 20
-4438 -9807 2451 -8637 3403 -2587 4187 4037 8261 -6179 8375 -4311 -6067 -3630 -8275 2130 1004 9275 -1593 1559
-4790 6024 -2335 60 -8729 -9672 -17 7148 1596 -900 -1771 -5156 5670 9914 -6188 -7156 1719 -775 -9116 5794
7454 5694 -6033 6536 1226 5574 6149 1370 -1144 3920 -3925 -14 4700 6718 2466 -6346 -1805 4650 -5225 -9395
